code,description
47.01,Laparoscopic appendectomy (demo)
47.09,Other appendectomy (demo)
79.35,"Open reduction of fracture with internal fixation, femur (demo)"
